40 152
1 2
1 3
2 1
2 3
2 4
3 1
3 2
3 4
4 2
4 3
4 5
4 7
4 8
5 4
5 6
5 7
6 5
6 7
6 11
7 4 
7 5
7 6
7 8
7 9
7 10
7 11
8 4
8 7
8 9
8 18
8 19
9 7
9 8
9 10
9 13
9 15
9 18
10 7
10 9
10 11
10 13
11 6
11 7
11 10
11 12
11 13
12 11
12 13
12 14
13 9
13 10
13 11
13 12
13 14
14 12
14 13
14 15
14 16
15 9
15 14
15 17
16 14
16 17
16 21
17 15
17 18
17 21
17 22
18 8
18 9
18 17
18 19
18 22
19 8
19 18
19 20
19 24
20 19
20 24
20 31
21 16
21 17
21 22
21 23
22 17
22 18
22 21
22 23
23 21
23 22
23 36
24 19
24 20
24 25
24 26
24 27
25 24
25 26
26 24
26 25
26 27
27 24
27 26
27 28
28 27
28 29
28 30
29 28
29 30
29 33
30 28
30 29
30 31
30 32
30 33
31 20
31 30
31 32
32 30
32 31
32 33 
32 35
33 29
33 30
33 32
33 34 
33 35
34 35
34 37
34 38
35 32
35 33
35 34
35 36
35 38
36 23
36 35
36 40
37 34
37 38
37 39
38 34
38 35
38 37
38 39
38 40
39 37
39 38
39 40
40 36
40 38
40 39